QGC WPL 110
0	0	0	16	0.000000	0.000000	0.000000	0.000000	35.717676	-120.766483	275.000000	1
1	0	3	22	15.000000	0.000000	0.000000	0.000000	0.000000	0.000000	25.000000	1
2	0	0	207	1.000000	0.000000	0.000000	0.000000	0.000000	0.000000	0.000000	1
3	0	3	16	0.000000	0.000000	0.000000	0.000000	35.718204	-120.765834	85.000000	1
4	0	3	17	0.000000	0.000000	10.000000	0.000000	35.719220	-120.765246	100.000000	1
5	0	3	17	0.000000	0.000000	10.000000	0.000000	35.720774	-120.766833	100.000000	1
6	0	3	17	0.000000	0.000000	10.000000	0.000000	35.718610	-120.765599	100.000000	1
7	0	3	16	0.000000	0.000000	0.000000	0.000000	35.722118	-120.768539	100.000000	1
8	0	3	16	0.000000	0.000000	0.000000	0.000000	35.723469	-120.767998	100.000000	1
9	0	3	16	0.000000	0.000000	0.000000	0.000000	35.722843	-120.764381	100.000000	1
10	0	3	16	0.000000	0.000000	0.000000	0.000000	35.721359	-120.764816	100.000000	1
11	0	0	177	7.000000	-1.000000	0.000000	0.000000	0.000000	0.000000	0.000000	1
12	0	3	189	0.000000	0.000000	0.000000	0.000000	0.000000	0.000000	0.000000	1
13	0	3	18	1.000000	0.000000	-10.000000	0.000000	35.719348	-120.767314	100.000000	1
14	0	0	207	2.000000	0.000000	0.000000	0.000000	0.000000	0.000000	0.000000	1
15	0	3	16	0.000000	0.000000	0.000000	0.000000	35.718805	-120.767204	35.000000	1
16	0	0	178	0.000000	16.000000	0.000000	0.000000	0.000000	0.000000	0.000000	1
17	0	0	177	18.000000	-1.000000	0.000000	0.000000	0.000000	0.000000	0.000000	1
18	0	3	21	0.000000	0.000000	0.000000	0.000000	35.718805	-120.767204	0.000000	1
19	0	0	177	19.000000	-1.000000	0.000000	0.000000	0.000000	0.000000	0.000000	1
20	0	3	189	0.000000	0.000000	0.000000	0.000000	0.000000	0.000000	0.000000	1
21	0	3	18	1.000000	0.000000	10.000000	0.000000	35.717949	-120.766139	100.000000	1
22	0	0	207	2.000000	0.000000	0.000000	0.000000	0.000000	0.000000	0.000000	1
23	0	3	16	0.000000	0.000000	0.000000	0.000000	35.717949	-120.766139	50.000000	1
24	0	0	178	0.000000	16.000000	0.000000	0.000000	0.000000	0.000000	0.000000	1
25	0	3	16	0.000000	0.000000	0.000000	0.000000	35.717866	-120.767241	25.000000	1
26	0	3	21	0.000000	0.000000	0.000000	0.000000	35.717866	-120.767241	0.000000	1
27	0	0	177	27.000000	-1.000000	0.000000	0.000000	0.000000	0.000000	0.000000	1
28	0	3	189	0.000000	0.000000	0.000000	0.000000	0.000000	0.000000	0.000000	1
29	0	3	18	1.000000	0.000000	0.000000	0.000000	35.718599	-120.767881	100.000000	1
30	0	0	207	2.000000	0.000000	-10.000000	0.000000	0.000000	0.000000	0.000000	1
31	0	3	16	0.000000	0.000000	0.000000	0.000000	35.718599	-120.767881	50.000000	1
32	0	0	178	0.000000	16.000000	0.000000	0.000000	0.000000	0.000000	0.000000	1
33	0	3	16	0.000000	0.000000	0.000000	0.000000	35.717866	-120.767241	25.000000	1
34	0	3	21	0.000000	0.000000	0.000000	0.000000	35.717866	-120.767241	0.000000	1
35	0	0	177	35.000000	-1.000000	0.000000	0.000000	0.000000	0.000000	0.000000	1
36	0	3	189	0.000000	0.000000	0.000000	0.000000	0.000000	0.000000	0.000000	1
37	0	3	16	0.000000	0.000000	0.000000	0.000000	35.721518	-120.770070	80.000000	1
38	0	0	207	2.000000	0.000000	0.000000	0.000000	0.000000	0.000000	0.000000	1
39	0	3	16	0.000000	0.000000	0.000000	0.000000	35.721112	-120.770305	48.000000	1
40	0	0	178	0.000000	16.000000	0.000000	0.000000	0.000000	0.000000	0.000000	1
41	0	0	16	0.000000	0.000000	0.000000	0.000000	35.721112	-120.770305	43.000000	1
42	0	3	21	0.000000	0.000000	0.000000	0.000000	35.721112	-120.770305	8.000000	1
43	0	0	177	43.000000	-1.000000	0.000000	0.000000	0.000000	0.000000	0.000000	1
44	0	3	30	1.000000	0.000000	0.000000	0.000000	0.000000	0.000000	42.000000	1
45	0	3	17	0.000000	0.000000	10.000000	0.000000	35.720774	-120.766833	100.000000	1
